crossing time (s)	slope (V/s)	crossing number
281474976710655.000000	8.936269	5996	0.000000
281474976710655.000000	10.928524	5997	0.000000
281474976710655.000000	9.891373	5998	0.000000
281474976710655.000000	9.231145	5999	0.000000
281474976710655.000000	9.361982	6000	0.000000
281474976710655.000000	10.564990	6001	0.000000
281474976710655.000000	10.159661	6002	0.000000
281474976710655.000000	9.143476	6003	0.000000
281474976710655.000000	8.659162	6004	0.000000
281474976710655.000000	10.311187	6005	0.000000
281474976710655.000000	10.485489	6006	0.000000
281474976710655.000000	9.277197	6007	0.000000
281474976710655.000000	9.837263	6008	0.000000
281474976710655.000000	10.019729	6009	0.000000
281474976710655.000000	10.072254	6010	0.000000
281474976710655.000000	8.813223	6011	0.000000
281474976710655.000000	9.089787	6012	0.000000
281474976710655.000000	10.065014	6013	0.000000
281474976710655.000000	9.863043	6014	0.000000
281474976710655.000000	9.314939	6015	0.000000
281474976710655.000000	8.680148	6016	0.000000
281474976710655.000000	10.383139	6017	0.000000
281474976710655.000000	9.831549	6018	0.000000
281474976710655.000000	8.674233	6019	0.000000
281474976710655.000000	9.463385	6020	0.000000
281474976710655.000000	9.382702	6021	0.000000
281474976710655.000000	9.992280	6022	0.000000
281474976710655.000000	9.586141	6023	0.000000
281474976710655.000000	8.939803	6024	0.000000
281474976710655.000000	9.338253	6025	0.000000
281474976710655.000000	9.431360	6026	0.000000
281474976710655.000000	9.699477	6027	0.000000
281474976710655.000000	9.339607	6028	0.000000
281474976710655.000000	9.507236	6029	0.000000
281474976710655.000000	9.036757	6030	0.000000
281474976710655.000000	9.222816	6031	0.000000
281474976710655.000000	9.732473	6032	0.000000
281474976710655.000000	9.477062	6033	0.000000
281474976710655.000000	9.230369	6034	0.000000
281474976710655.000000	9.109660	6035	0.000000
281474976710655.000000	9.332253	6036	0.000000
281474976710655.000000	9.565009	6037	0.000000
281474976710655.000000	9.646665	6038	0.000000
281474976710655.000000	8.860826	6039	0.000000
281474976710655.000000	9.276933	6040	0.000000
281474976710655.000000	9.303426	6041	0.000000
281474976710655.000000	9.410970	6042	0.000000
281474976710655.000000	9.289568	6043	0.000000
281474976710655.000000	9.126122	6044	0.000000
281474976710655.000000	9.044497	6045	0.000000
281474976710655.000000	9.351619	6046	0.000000
281474976710655.000000	9.198833	6047	0.000000
281474976710655.000000	9.260988	6048	0.000000
281474976710655.000000	9.093657	6049	0.000000
281474976710655.000000	8.913491	6050	0.000000
281474976710655.000000	9.272156	6051	0.000000
281474976710655.000000	8.977180	6052	0.000000
281474976710655.000000	9.189762	6053	0.000000
281474976710655.000000	9.145470	6054	0.000000
281474976710655.000000	9.167387	6055	0.000000
281474976710655.000000	9.047995	6056	0.000000
281474976710655.000000	9.000615	6057	0.000000
281474976710655.000000	8.903655	6058	0.000000
281474976710655.000000	9.182889	6059	0.000000
281474976710655.000000	9.177562	6060	0.000000
281474976710655.000000	8.973029	6061	0.000000
281474976710655.000000	8.983326	6062	0.000000
281474976710655.000000	9.277637	6063	0.000000
281474976710655.000000	8.988936	6064	0.000000
281474976710655.000000	8.891603	6065	0.000000
281474976710655.000000	9.041453	6066	0.000000
281474976710655.000000	8.833497	6067	0.000000
281474976710655.000000	8.759689	6068	0.000000
281474976710655.000000	9.124065	6069	0.000000
281474976710655.000000	9.037890	6070	0.000000
281474976710655.000000	8.881907	6071	0.000000
281474976710655.000000	8.781360	6072	0.000000
281474976710655.000000	8.963172	6073	0.000000
281474976710655.000000	8.730266	6074	0.000000
281474976710655.000000	8.720799	6075	0.000000
281474976710655.000000	8.875695	6076	0.000000
281474976710655.000000	8.557336	6077	0.000000
281474976710655.000000	8.834907	6078	0.000000
281474976710655.000000	8.752823	6079	0.000000
281474976710655.000000	8.826069	6080	0.000000
281474976710655.000000	8.823384	6081	0.000000
281474976710655.000000	8.832333	6082	0.000000
281474976710655.000000	8.461614	6083	0.000000
281474976710655.000000	8.755279	6084	0.000000
281474976710655.000000	8.630761	6085	0.000000
281474976710655.000000	8.672179	6086	0.000000
281474976710655.000000	8.383059	6087	0.000000
281474976710655.000000	8.622239	6088	0.000000
281474976710655.000000	8.772540	6089	0.000000
281474976710655.000000	9.097569	6090	0.000000
281474976710655.000000	8.551785	6091	0.000000
281474976710655.000000	8.775591	6092	0.000000
281474976710655.000000	8.796382	6093	0.000000
281474976710655.000000	8.507663	6094	0.000000
281474976710655.000000	8.721588	6095	0.000000
281474976710655.000000	8.376418	6096	0.000000
281474976710655.000000	8.919998	6097	0.000000
281474976710655.000000	8.296926	6098	0.000000
281474976710655.000000	8.822929	6099	0.000000
281474976710655.000000	8.503198	6100	0.000000
281474976710655.000000	8.497723	6101	0.000000
281474976710655.000000	8.674251	6102	0.000000
281474976710655.000000	8.369211	6103	0.000000
281474976710655.000000	8.796454	6104	0.000000
281474976710655.000000	8.513568	6105	0.000000
281474976710655.000000	8.692792	6106	0.000000
281474976710655.000000	8.322734	6107	0.000000
281474976710655.000000	8.565503	6108	0.000000
281474976710655.000000	8.441159	6109	0.000000
281474976710655.000000	8.586472	6110	0.000000
281474976710655.000000	8.256529	6111	0.000000
281474976710655.000000	8.388962	6112	0.000000
281474976710655.000000	8.576195	6113	0.000000
281474976710655.000000	8.200216	6114	0.000000
281474976710655.000000	8.643634	6115	0.000000
281474976710655.000000	8.190028	6116	0.000000
281474976710655.000000	8.593635	6117	0.000000
281474976710655.000000	8.366355	6118	0.000000
281474976710655.000000	8.410302	6119	0.000000
281474976710655.000000	8.303543	6120	0.000000
281474976710655.000000	8.436090	6121	0.000000
281474976710655.000000	8.306714	6122	0.000000
281474976710655.000000	8.482343	6123	0.000000
281474976710655.000000	8.307248	6124	0.000000
281474976710655.000000	8.415836	6125	0.000000
281474976710655.000000	8.195890	6126	0.000000
281474976710655.000000	8.432004	6127	0.000000
281474976710655.000000	8.074808	6128	0.000000
281474976710655.000000	8.352947	6129	0.000000
281474976710655.000000	8.049386	6130	0.000000
281474976710655.000000	8.341831	6131	0.000000
281474976710655.000000	8.093616	6132	0.000000
281474976710655.000000	8.402105	6133	0.000000
281474976710655.000000	8.143486	6134	0.000000
281474976710655.000000	8.333241	6135	0.000000
281474976710655.000000	8.272139	6136	0.000000
281474976710655.000000	8.081783	6137	0.000000
281474976710655.000000	8.030399	6138	0.000000
281474976710655.000000	8.115389	6139	0.000000
281474976710655.000000	8.113965	6140	0.000000
281474976710655.000000	8.151114	6141	0.000000
281474976710655.000000	7.949621	6142	0.000000
281474976710655.000000	8.095980	6143	0.000000
281474976710655.000000	8.326384	6144	0.000000
281474976710655.000000	8.038391	6145	0.000000
281474976710655.000000	8.345864	6146	0.000000
281474976710655.000000	8.075860	6147	0.000000
281474976710655.000000	8.174223	6148	0.000000
281474976710655.000000	8.236939	6149	0.000000
281474976710655.000000	8.013968	6150	0.000000
281474976710655.000000	8.209646	6151	0.000000
281474976710655.000000	8.005954	6152	0.000000
281474976710655.000000	8.160947	6153	0.000000
281474976710655.000000	8.002430	6154	0.000000
281474976710655.000000	8.070963	6155	0.000000
281474976710655.000000	7.974197	6156	0.000000
281474976710655.000000	8.081141	6157	0.000000
281474976710655.000000	7.882606	6158	0.000000
281474976710655.000000	8.041779	6159	0.000000
281474976710655.000000	7.872322	6160	0.000000
281474976710655.000000	7.927527	6161	0.000000
281474976710655.000000	7.820233	6162	0.000000
281474976710655.000000	8.035874	6163	0.000000
281474976710655.000000	7.787071	6164	0.000000
281474976710655.000000	7.911344	6165	0.000000
281474976710655.000000	7.819564	6166	0.000000
281474976710655.000000	8.026138	6167	0.000000
281474976710655.000000	7.654960	6168	0.000000
281474976710655.000000	7.992518	6169	0.000000
281474976710655.000000	7.805246	6170	0.000000
281474976710655.000000	7.944240	6171	0.000000
281474976710655.000000	7.659060	6172	0.000000
281474976710655.000000	7.858788	6173	0.000000
281474976710655.000000	7.681026	6174	0.000000
281474976710655.000000	8.005521	6175	0.000000
281474976710655.000000	7.711341	6176	0.000000
281474976710655.000000	7.902655	6177	0.000000
281474976710655.000000	7.613019	6178	0.000000
281474976710655.000000	8.000439	6179	0.000000
281474976710655.000000	7.614324	6180	0.000000
281474976710655.000000	7.914140	6181	0.000000
281474976710655.000000	7.736245	6182	0.000000
281474976710655.000000	7.815177	6183	0.000000
281474976710655.000000	7.738113	6184	0.000000
281474976710655.000000	6.268934	6185	0.000000
281474976710655.000000	7.951227	6186	0.000000
281474976710655.000000	7.607417	6187	0.000000
281474976710655.000000	7.906200	6188	0.000000
281474976710655.000000	7.540801	6189	0.000000
281474976710655.000000	7.847147	6190	0.000000
281474976710655.000000	7.364269	6191	0.000000
281474976710655.000000	7.859100	6192	0.000000
281474976710655.000000	7.803462	6193	0.000000
281474976710655.000000	7.808716	6194	0.000000
281474976710655.000000	7.594397	6195	0.000000
281474976710655.000000	7.706100	6196	0.000000
281474976710655.000000	7.615129	6197	0.000000
281474976710655.000000	7.617824	6198	0.000000
281474976710655.000000	7.605677	6199	0.000000
281474976710655.000000	7.546744	6200	0.000000
281474976710655.000000	7.511242	6201	0.000000
281474976710655.000000	7.484746	6202	0.000000
281474976710655.000000	7.548222	6203	0.000000
281474976710655.000000	7.517687	6204	0.000000
281474976710655.000000	7.295994	6205	0.000000
281474976710655.000000	7.905008	6206	0.000000
281474976710655.000000	7.558939	6207	0.000000
281474976710655.000000	7.398909	6208	0.000000
281474976710655.000000	7.526705	6209	0.000000
281474976710655.000000	7.604210	6210	0.000000
281474976710655.000000	7.504868	6211	0.000000
281474976710655.000000	7.328568	6212	0.000000
281474976710655.000000	7.489933	6213	0.000000
281474976710655.000000	7.484839	6214	0.000000
281474976710655.000000	7.479355	6215	0.000000
281474976710655.000000	7.348672	6216	0.000000
281474976710655.000000	7.398190	6217	0.000000
281474976710655.000000	7.288695	6218	0.000000
281474976710655.000000	7.244288	6219	0.000000
281474976710655.000000	7.403164	6220	0.000000
281474976710655.000000	7.234174	6221	0.000000
281474976710655.000000	7.450711	6222	0.000000
281474976710655.000000	7.200381	6223	0.000000
281474976710655.000000	7.374598	6224	0.000000
281474976710655.000000	7.284950	6225	0.000000
281474976710655.000000	7.474139	6226	0.000000
281474976710655.000000	7.429773	6227	0.000000
281474976710655.000000	7.349165	6228	0.000000
281474976710655.000000	7.188493	6229	0.000000
281474976710655.000000	7.395078	6230	0.000000
281474976710655.000000	7.346406	6231	0.000000
281474976710655.000000	7.253734	6232	0.000000
281474976710655.000000	7.169499	6233	0.000000
281474976710655.000000	7.287730	6234	0.000000
281474976710655.000000	7.144963	6235	0.000000
281474976710655.000000	7.239622	6236	0.000000
281474976710655.000000	7.335957	6237	0.000000
281474976710655.000000	6.932903	6238	0.000000
281474976710655.000000	7.308557	6239	0.000000
281474976710655.000000	7.069243	6240	0.000000
281474976710655.000000	7.515708	6241	0.000000
281474976710655.000000	7.105250	6242	0.000000
281474976710655.000000	7.306751	6243	0.000000
281474976710655.000000	7.084476	6244	0.000000
281474976710655.000000	7.177920	6245	0.000000
281474976710655.000000	7.049347	6246	0.000000
281474976710655.000000	7.209921	6247	0.000000
281474976710655.000000	7.181939	6248	0.000000
281474976710655.000000	7.270542	6249	0.000000
281474976710655.000000	6.930658	6250	0.000000
281474976710655.000000	7.176082	6251	0.000000
281474976710655.000000	7.007578	6252	0.000000
281474976710655.000000	7.226225	6253	0.000000
281474976710655.000000	6.867414	6254	0.000000
281474976710655.000000	7.348537	6255	0.000000
281474976710655.000000	6.952137	6256	0.000000
281474976710655.000000	7.084210	6257	0.000000
281474976710655.000000	6.904252	6258	0.000000
281474976710655.000000	7.272162	6259	0.000000
281474976710655.000000	6.927408	6260	0.000000
281474976710655.000000	7.224508	6261	0.000000
281474976710655.000000	6.988091	6262	0.000000
281474976710655.000000	6.984064	6263	0.000000
281474976710655.000000	6.791479	6264	0.000000
281474976710655.000000	7.186108	6265	0.000000
281474976710655.000000	6.997552	6266	0.000000
281474976710655.000000	7.176449	6267	0.000000
281474976710655.000000	7.159597	6268	0.000000
281474976710655.000000	6.913510	6269	0.000000
281474976710655.000000	7.478963	6270	0.000000
281474976710655.000000	6.588185	6271	0.000000
281474976710655.000000	7.100289	6272	0.000000
281474976710655.000000	6.897335	6273	0.000000
281474976710655.000000	7.175743	6274	0.000000
281474976710655.000000	6.772855	6275	0.000000
281474976710655.000000	7.027153	6276	0.000000
281474976710655.000000	6.487053	6277	0.000000
281474976710655.000000	6.612991	6278	0.000000
281474976710655.000000	6.565288	6279	0.000000
281474976710655.000000	6.751740	6280	0.000000
281474976710655.000000	6.716456	6281	0.000000
281474976710655.000000	6.998936	6282	0.000000
281474976710655.000000	6.838748	6283	0.000000
281474976710655.000000	6.724044	6284	0.000000
281474976710655.000000	6.397248	6285	0.000000
281474976710655.000000	6.613183	6286	0.000000
281474976710655.000000	6.883509	6287	0.000000
281474976710655.000000	6.689577	6288	0.000000
281474976710655.000000	6.692456	6289	0.000000
281474976710655.000000	6.812243	6290	0.000000
281474976710655.000000	6.780886	6291	0.000000
281474976710655.000000	6.777741	6292	0.000000
281474976710655.000000	6.779158	6293	0.000000
281474976710655.000000	6.959610	6294	0.000000
281474976710655.000000	6.807065	6295	0.000000
281474976710655.000000	6.807502	6296	0.000000
281474976710655.000000	6.693668	6297	0.000000
281474976710655.000000	6.798399	6298	0.000000
281474976710655.000000	6.650067	6299	0.000000
281474976710655.000000	6.666105	6300	0.000000
281474976710655.000000	6.989349	6301	0.000000
281474976710655.000000	6.667160	6302	0.000000
281474976710655.000000	6.588991	6303	0.000000
281474976710655.000000	6.628695	6304	0.000000
281474976710655.000000	6.639062	6305	0.000000
281474976710655.000000	6.588639	6306	0.000000
281474976710655.000000	6.575018	6307	0.000000
281474976710655.000000	6.650795	6308	0.000000
281474976710655.000000	6.621112	6309	0.000000
281474976710655.000000	6.658260	6310	0.000000
281474976710655.000000	6.606246	6311	0.000000
281474976710655.000000	6.630345	6312	0.000000
281474976710655.000000	6.746479	6313	0.000000
281474976710655.000000	6.591931	6314	0.000000
281474976710655.000000	6.492874	6315	0.000000
