num crossings	time (s)	maj axis (mm)	min axis (mm)	theta (rad )	slope (V/s)
5995	5217.471286	38.051497	-9.775752	0.446033	9.205456
5997	5219.553659	38.165734	-9.732284	0.442919	9.752451
5999	5221.640617	37.999924	-9.766203	0.438529	11.012178
6001	5223.728825	37.825302	-9.714754	0.438139	9.213134
6003	5225.815960	37.742076	-9.723247	0.428030	10.667467
6005	5227.905567	37.718847	-9.673126	0.429131	9.048300
6007	5229.989193	38.065589	-9.648573	0.428412	10.458390
6009	5232.064585	38.072772	-9.587416	0.431026	9.392763
6011	5234.139313	37.801834	-9.567798	0.438710	10.371446
6013	5236.217349	37.629280	-9.520952	0.445065	8.645896
6015	5238.311192	36.972674	-9.646469	0.442255	10.064393
6017	5240.413094	37.119665	-9.658940	0.420810	9.498514
6019	5242.504039	37.351939	-9.549430	0.411986	10.417160
6021	5244.584615	37.820070	-9.434390	0.421604	8.730735
6023	5246.653113	37.565972	-9.392772	0.435442	9.297209
6025	5248.732993	37.506383	-9.433568	0.442751	9.807407
6027	5250.821828	36.906046	-9.478978	0.434374	9.147600
6029	5252.920919	36.754274	-9.518406	0.422111	10.009955
6031	5255.015982	37.045769	-9.457012	0.415605	9.637507
6033	5257.106949	37.194718	-9.406375	0.413378	9.271496
6035	5259.189294	37.224828	-9.370802	0.413108	9.547123
6037	5261.273687	37.150843	-9.377184	0.415123	9.212768
6039	5263.355230	36.838270	-9.416324	0.416809	9.680062
6041	5265.441110	36.981560	-9.341529	0.415974	8.970251
6043	5267.527483	36.693303	-9.296014	0.417494	9.265250
6045	5269.615621	36.678096	-9.285497	0.415919	9.391408
6047	5271.705298	36.772996	-9.243464	0.419727	9.171517
6049	5273.791078	36.781298	-9.247864	0.419957	9.373604
6051	5275.875650	36.603739	-9.299772	0.415582	8.900369
6053	5277.953796	36.946481	-9.274285	0.412362	9.524942
6055	5280.028223	36.885382	-9.292295	0.403762	9.153207
6057	5282.106351	36.699442	-9.247445	0.392365	9.206977
6059	5284.191609	36.306544	-9.167610	0.394640	9.029269
6061	5286.288085	36.092549	-9.112292	0.402232	9.019699
6063	5288.386852	36.014642	-9.055242	0.410118	9.055715
6065	5290.476709	36.352817	-9.101853	0.414646	9.419825
6067	5292.559899	36.605540	-9.144176	0.410495	8.848683
6069	5294.635835	36.604190	-9.155025	0.399367	8.728752
6071	5296.711653	36.451863	-9.113297	0.390763	9.134228
6073	5298.791219	36.398088	-9.064487	0.388015	8.800283
6075	5300.876749	36.090417	-9.038074	0.387092	8.847830
6077	5302.965096	36.103523	-8.981771	0.389828	8.801693
6079	5305.053597	35.705297	-8.968515	0.388220	8.577714
6081	5307.143672	35.850237	-8.990553	0.390370	8.891922
6083	5309.230109	35.916887	-8.926103	0.392561	8.425086
6085	5311.315052	35.992509	-8.905331	0.387294	8.520001
6087	5313.398970	35.755946	-8.921169	0.387595	8.520214
6089	5315.480955	35.767835	-8.881747	0.390371	8.533552
6091	5317.569003	35.844766	-8.828592	0.390191	8.983909
6093	5319.647165	35.763006	-8.833503	0.395497	8.449278
6095	5321.735404	35.686564	-8.823180	0.392751	8.725935
6097	5323.825754	35.536333	-8.852726	0.388690	8.598709
6099	5325.923746	35.331865	-8.874094	0.377672	9.045736
6101	5328.017964	35.593464	-8.843575	0.369754	8.701117
6103	5330.108621	35.631444	-8.776778	0.366733	8.175205
6105	5332.188276	35.735894	-8.735329	0.369716	8.343410
6107	5334.265705	35.772684	-8.712363	0.377085	8.283278
6109	5336.340762	35.568147	-8.700215	0.382573	8.250407
6111	5338.420023	35.355315	-8.663284	0.382945	8.418150
6113	5340.503875	35.269520	-8.669454	0.384368	8.424377
6115	5342.592924	35.333027	-8.675489	0.379644	8.592531
6117	5344.684257	35.094016	-8.698277	0.373646	8.602120
6119	5346.775807	35.222450	-8.707950	0.371491	8.672324
6121	5348.865120	34.806746	-8.679845	0.367399	8.635255
6123	5350.954334	35.290073	-8.624619	0.367367	8.498794
6125	5353.040881	35.167079	-8.622276	0.365124	8.469616
6127	5355.125879	35.061045	-8.623351	0.364092	8.583927
6129	5357.210506	34.964987	-8.596932	0.364243	8.677899
6131	5359.292580	34.737989	-8.606565	0.360291	8.405815
6133	5361.373121	35.029108	-8.593050	0.363048	8.653867
6135	5363.453997	34.925496	-8.565023	0.355781	8.406178
6137	5365.534531	34.862287	-8.546925	0.355686	8.214545
6139	5367.618338	34.719754	-8.503464	0.351171	8.038828
6141	5369.706710	34.678428	-8.469321	0.351056	8.359814
6143	5371.799714	34.264645	-8.431492	0.351151	8.083388
6145	5373.893733	34.307432	-8.383355	0.355761	8.332251
6147	5375.988162	34.502674	-8.374225	0.358627	8.328398
6149	5378.078437	34.452422	-8.386904	0.362328	8.282906
6151	5380.163485	34.582560	-8.402046	0.361606	8.642432
6153	5382.245919	34.567775	-8.402073	0.356353	7.979773
6155	5384.324186	34.570835	-8.392094	0.349004	8.207931
6157	5386.402522	34.588830	-8.384001	0.349573	8.002328
6159	5388.482954	34.390606	-8.364774	0.345680	8.273072
6161	5390.565811	34.327636	-8.324516	0.344131	8.070527
6163	5392.649011	34.098662	-8.313859	0.342770	7.857995
6165	5394.733816	33.814617	-8.291615	0.342578	8.217763
6167	5396.818780	34.136261	-8.216915	0.342905	7.956882
6169	5398.904697	34.050887	-8.237949	0.346039	7.944339
6171	5400.990783	34.070194	-8.205631	0.344499	8.197765
6173	5403.078386	33.956141	-8.215153	0.343765	7.812124
6175	5405.167225	33.993576	-8.209361	0.342230	7.814532
6177	5407.257919	33.629116	-8.222844	0.338951	7.961855
6179	5409.349892	33.788239	-8.194578	0.336248	7.971512
6181	5411.443379	33.732259	-8.193368	0.331504	7.970375
6183	5413.533959	33.745899	-8.160404	0.326141	7.605453
6185	5415.621952	33.579040	-8.173694	0.323467	7.696201
6187	5417.705084	33.795033	-8.143428	0.322970	7.279517
6189	5419.784906	33.954707	-8.067388	0.325803	7.648809
6191	5421.864263	33.916994	-8.033617	0.330887	7.342578
6193	5423.941397	33.730083	-8.033241	0.335985	7.531647
6195	5426.020047	33.661267	-7.994164	0.334562	7.682915
6197	5428.103325	33.548953	-7.999192	0.336130	7.737553
6199	5430.187345	33.614749	-7.984813	0.334957	7.574442
6201	5432.274693	33.472085	-8.015536	0.331635	7.291915
6203	5434.361014	33.310495	-7.991192	0.330829	7.498174
6205	5436.449550	33.211993	-8.008140	0.325519	7.672509
6207	5438.537607	33.204836	-7.900506	0.328734	7.248966
6209	5440.622498	33.150851	-7.947582	0.324104	7.494952
6211	5442.708022	33.215229	-7.939583	0.322083	7.578605
6213	5444.792810	33.212507	-7.932948	0.318559	7.677782
6215	5446.877167	33.007657	-7.927871	0.317971	7.603261
6217	5448.960939	33.123930	-7.920648	0.315190	7.522660
6219	5451.047529	32.961343	-7.903125	0.312169	7.253250
6221	5453.133502	32.899392	-7.892929	0.311981	7.158635
6223	5455.222994	32.756297	-7.861114	0.310896	7.316032
6225	5457.314834	32.682322	-7.814627	0.311371	7.252282
6227	5459.407527	32.564548	-7.790434	0.314400	7.403607
6229	5461.499919	32.651095	-7.772329	0.317877	7.720326
6231	5463.590955	32.629604	-7.770004	0.318315	7.431317
6233	5465.678470	32.847830	-7.774611	0.319625	7.485656
6235	5467.764744	32.748183	-7.784199	0.314913	6.979201
6237	5469.847582	32.802719	-7.769976	0.313916	7.083755
6239	5471.930632	32.773511	-7.781141	0.306014	7.379387
6241	5474.009359	32.763181	-7.753603	0.307377	7.012990
6243	5476.091367	32.730212	-7.730546	0.306224	7.835216
6245	5478.174549	32.612866	-7.705242	0.303683	7.358465
6247	5480.257897	32.751456	-7.698671	0.295663	7.401675
6249	5482.342380	32.488559	-7.667037	0.303933	7.033436
6251	5484.428527	32.344099	-7.679203	0.301310	7.290833
6253	5486.514222	32.168619	-7.634384	0.300342	7.272974
6255	5488.603867	31.793088	-7.642677	0.296399	7.208774
6257	5490.693017	32.250361	-7.618850	0.298848	7.246594
6259	5492.783545	32.182834	-7.584925	0.293441	7.212957
6261	5494.872711	32.087240	-7.590451	0.289851	7.001346
6263	5496.961852	32.059913	-7.576645	0.287049	7.473138
6265	5499.050802	31.976709	-7.572325	0.285602	7.186141
6267	5501.135617	32.162914	-7.523836	0.285410	7.292580
6269	5503.220892	32.117940	-7.508109	0.285337	7.076739
6271	5505.301741	32.155704	-7.490069	0.286971	6.976648
6273	5507.379496	32.128974	-7.471730	0.288749	6.551960
6275	5509.459768	31.944883	-7.482157	0.292777	7.118565
6277	5511.539889	32.074960	-7.464661	0.289591	7.363660
6279	5513.621921	31.907326	-7.416247	0.289023	5.995838
6281	5515.703960	31.823401	-7.411876	0.291742	6.315581
6283	5517.786748	31.777746	-7.412500	0.288398	6.513243
6285	5519.871226	31.601256	-7.419155	0.288186	7.227452
6287	5521.958026	31.713765	-7.394433	0.288449	6.524029
6289	5524.044031	31.614803	-7.381565	0.284365	6.919759
6291	5526.128879	31.501526	-7.385020	0.282453	6.957407
6293	5528.215443	31.365662	-7.374306	0.281439	7.133520
6295	5530.300478	31.437030	-7.356594	0.279763	6.513523
6297	5532.386724	31.496712	-7.335671	0.275377	6.800555
6299	5534.472971	31.402808	-7.300399	0.275043	6.737915
6301	5536.558027	31.337601	-7.264163	0.274181	6.655127
6303	5538.647009	31.272085	-7.251477	0.271913	8.261152
6305	5540.736128	30.952020	-7.264290	0.273977	6.733497
6307	5542.826567	31.121479	-7.217034	0.274716	6.609499
6309	5544.918783	31.061949	-7.183306	0.273563	6.596148
6311	5547.011365	31.031743	-7.182603	0.275741	6.625750
6313	5549.100676	31.192328	-7.159309	0.276785	6.836193
