crossing time (s)	slope (V/s)	crossing number
281474976710655.000000	6.354707	3438	0.000000
281474976710655.000000	6.475387	3439	0.000000
281474976710655.000000	5.979466	3440	0.000000
281474976710655.000000	6.357018	3441	0.000000
281474976710655.000000	6.147552	3442	0.000000
281474976710655.000000	6.516545	3443	0.000000
281474976710655.000000	5.958275	3444	0.000000
281474976710655.000000	6.349932	3445	0.000000
281474976710655.000000	6.275296	3446	0.000000
281474976710655.000000	6.348789	3447	0.000000
281474976710655.000000	6.212875	3448	0.000000
281474976710655.000000	6.278414	3449	0.000000
281474976710655.000000	6.032868	3450	0.000000
281474976710655.000000	6.297623	3451	0.000000
281474976710655.000000	6.012608	3452	0.000000
281474976710655.000000	6.372185	3453	0.000000
281474976710655.000000	5.718105	3454	0.000000
281474976710655.000000	6.438846	3455	0.000000
281474976710655.000000	5.888385	3456	0.000000
281474976710655.000000	6.405866	3457	0.000000
281474976710655.000000	5.863156	3458	0.000000
281474976710655.000000	6.493084	3459	0.000000
281474976710655.000000	5.860811	3460	0.000000
281474976710655.000000	6.143924	3461	0.000000
281474976710655.000000	5.991286	3462	0.000000
281474976710655.000000	6.292926	3463	0.000000
281474976710655.000000	5.993830	3464	0.000000
281474976710655.000000	6.035467	3465	0.000000
281474976710655.000000	6.133512	3466	0.000000
281474976710655.000000	5.946898	3467	0.000000
281474976710655.000000	6.209810	3468	0.000000
281474976710655.000000	6.101892	3469	0.000000
281474976710655.000000	5.840642	3470	0.000000
281474976710655.000000	6.157465	3471	0.000000
281474976710655.000000	6.269765	3472	0.000000
281474976710655.000000	6.099455	3473	0.000000
281474976710655.000000	5.887663	3474	0.000000
281474976710655.000000	6.215825	3475	0.000000
281474976710655.000000	5.840913	3476	0.000000
281474976710655.000000	6.194945	3477	0.000000
281474976710655.000000	5.571914	3478	0.000000
281474976710655.000000	6.202894	3479	0.000000
281474976710655.000000	5.342555	3480	0.000000
281474976710655.000000	6.332085	3481	0.000000
281474976710655.000000	5.293059	3482	0.000000
281474976710655.000000	6.280127	3483	0.000000
281474976710655.000000	5.684764	3484	0.000000
281474976710655.000000	6.013718	3485	0.000000
281474976710655.000000	5.909966	3486	0.000000
281474976710655.000000	5.931180	3487	0.000000
281474976710655.000000	5.977349	3488	0.000000
281474976710655.000000	6.098075	3489	0.000000
281474976710655.000000	5.979543	3490	0.000000
281474976710655.000000	5.962525	3491	0.000000
281474976710655.000000	5.876124	3492	0.000000
281474976710655.000000	5.655014	3493	0.000000
281474976710655.000000	5.631653	3494	0.000000
281474976710655.000000	6.199225	3495	0.000000
281474976710655.000000	5.334447	3496	0.000000
281474976710655.000000	6.151238	3497	0.000000
281474976710655.000000	5.377977	3498	0.000000
281474976710655.000000	6.107731	3499	0.000000
281474976710655.000000	5.530504	3500	0.000000
281474976710655.000000	6.093505	3501	0.000000
281474976710655.000000	5.535080	3502	0.000000
281474976710655.000000	5.936001	3503	0.000000
281474976710655.000000	5.677555	3504	0.000000
281474976710655.000000	5.921326	3505	0.000000
281474976710655.000000	5.673697	3506	0.000000
281474976710655.000000	5.780947	3507	0.000000
281474976710655.000000	5.690220	3508	0.000000
281474976710655.000000	5.786447	3509	0.000000
281474976710655.000000	5.730307	3510	0.000000
281474976710655.000000	5.871803	3511	0.000000
281474976710655.000000	5.662272	3512	0.000000
281474976710655.000000	5.743038	3513	0.000000
281474976710655.000000	5.616734	3514	0.000000
281474976710655.000000	5.818912	3515	0.000000
281474976710655.000000	5.443780	3516	0.000000
281474976710655.000000	5.814396	3517	0.000000
281474976710655.000000	5.497850	3518	0.000000
281474976710655.000000	5.680899	3519	0.000000
281474976710655.000000	5.456876	3520	0.000000
281474976710655.000000	5.967043	3521	0.000000
281474976710655.000000	5.352017	3522	0.000000
281474976710655.000000	5.869063	3523	0.000000
281474976710655.000000	5.369903	3524	0.000000
281474976710655.000000	5.840214	3525	0.000000
281474976710655.000000	5.443389	3526	0.000000
281474976710655.000000	5.713686	3527	0.000000
281474976710655.000000	5.535229	3528	0.000000
281474976710655.000000	5.647614	3529	0.000000
281474976710655.000000	5.603885	3530	0.000000
281474976710655.000000	5.559669	3531	0.000000
281474976710655.000000	5.592398	3532	0.000000
281474976710655.000000	5.754477	3533	0.000000
281474976710655.000000	5.516661	3534	0.000000
281474976710655.000000	5.348355	3535	0.000000
281474976710655.000000	5.504090	3536	0.000000
281474976710655.000000	6.128614	3537	0.000000
281474976710655.000000	5.440426	3538	0.000000
281474976710655.000000	5.635176	3539	0.000000
281474976710655.000000	5.287173	3540	0.000000
281474976710655.000000	5.668977	3541	0.000000
281474976710655.000000	4.846933	3542	0.000000
281474976710655.000000	5.712569	3543	0.000000
281474976710655.000000	5.206510	3544	0.000000
281474976710655.000000	5.741952	3545	0.000000
281474976710655.000000	5.134257	3546	0.000000
281474976710655.000000	5.667797	3547	0.000000
281474976710655.000000	5.144073	3548	0.000000
281474976710655.000000	5.694508	3549	0.000000
281474976710655.000000	5.092910	3550	0.000000
281474976710655.000000	5.692526	3551	0.000000
281474976710655.000000	4.949158	3552	0.000000
281474976710655.000000	5.530421	3553	0.000000
281474976710655.000000	4.959819	3554	0.000000
281474976710655.000000	5.383296	3555	0.000000
281474976710655.000000	5.036223	3556	0.000000
281474976710655.000000	5.731365	3557	0.000000
281474976710655.000000	4.996360	3558	0.000000
281474976710655.000000	5.636173	3559	0.000000
281474976710655.000000	5.012130	3560	0.000000
281474976710655.000000	5.507461	3561	0.000000
281474976710655.000000	5.047936	3562	0.000000
281474976710655.000000	5.312737	3563	0.000000
281474976710655.000000	5.154702	3564	0.000000
281474976710655.000000	5.432104	3565	0.000000
281474976710655.000000	4.844031	3566	0.000000
281474976710655.000000	5.384441	3567	0.000000
281474976710655.000000	5.232103	3568	0.000000
281474976710655.000000	5.305273	3569	0.000000
281474976710655.000000	5.434994	3570	0.000000
281474976710655.000000	4.993122	3571	0.000000
281474976710655.000000	5.448448	3572	0.000000
281474976710655.000000	5.130631	3573	0.000000
281474976710655.000000	5.343982	3574	0.000000
281474976710655.000000	5.261353	3575	0.000000
281474976710655.000000	5.287606	3576	0.000000
281474976710655.000000	5.354147	3577	0.000000
281474976710655.000000	5.110530	3578	0.000000
281474976710655.000000	5.441179	3579	0.000000
281474976710655.000000	5.001182	3580	0.000000
281474976710655.000000	5.504671	3581	0.000000
281474976710655.000000	4.935096	3582	0.000000
281474976710655.000000	5.489644	3583	0.000000
281474976710655.000000	4.931517	3584	0.000000
281474976710655.000000	5.380257	3585	0.000000
281474976710655.000000	5.101260	3586	0.000000
281474976710655.000000	5.419871	3587	0.000000
281474976710655.000000	4.920344	3588	0.000000
281474976710655.000000	5.368437	3589	0.000000
281474976710655.000000	4.916126	3590	0.000000
281474976710655.000000	5.425274	3591	0.000000
281474976710655.000000	4.955558	3592	0.000000
281474976710655.000000	5.285516	3593	0.000000
281474976710655.000000	4.947701	3594	0.000000
281474976710655.000000	5.317083	3595	0.000000
281474976710655.000000	4.905464	3596	0.000000
281474976710655.000000	5.291776	3597	0.000000
281474976710655.000000	4.868701	3598	0.000000
281474976710655.000000	5.328024	3599	0.000000
281474976710655.000000	4.851586	3600	0.000000
281474976710655.000000	5.279675	3601	0.000000
281474976710655.000000	4.837559	3602	0.000000
281474976710655.000000	5.291464	3603	0.000000
281474976710655.000000	4.852513	3604	0.000000
281474976710655.000000	5.288702	3605	0.000000
281474976710655.000000	4.848814	3606	0.000000
281474976710655.000000	5.248395	3607	0.000000
281474976710655.000000	4.948554	3608	0.000000
281474976710655.000000	5.146056	3609	0.000000
281474976710655.000000	4.973521	3610	0.000000
281474976710655.000000	5.147296	3611	0.000000
281474976710655.000000	5.039494	3612	0.000000
281474976710655.000000	5.032359	3613	0.000000
281474976710655.000000	4.985311	3614	0.000000
281474976710655.000000	4.897264	3615	0.000000
281474976710655.000000	5.041709	3616	0.000000
281474976710655.000000	3.171504	3617	0.000000
281474976710655.000000	5.484180	3618	0.000000
281474976710655.000000	5.057251	3619	0.000000
281474976710655.000000	4.880887	3620	0.000000
281474976710655.000000	5.146736	3621	0.000000
281474976710655.000000	4.910768	3622	0.000000
281474976710655.000000	4.664162	3623	0.000000
281474976710655.000000	4.734759	3624	0.000000
281474976710655.000000	5.110392	3625	0.000000
281474976710655.000000	4.877864	3626	0.000000
281474976710655.000000	5.128918	3627	0.000000
281474976710655.000000	4.705028	3628	0.000000
281474976710655.000000	5.104954	3629	0.000000
281474976710655.000000	4.660964	3630	0.000000
281474976710655.000000	5.101037	3631	0.000000
281474976710655.000000	4.612814	3632	0.000000
281474976710655.000000	5.058436	3633	0.000000
281474976710655.000000	4.586700	3634	0.000000
281474976710655.000000	5.073339	3635	0.000000
281474976710655.000000	4.563698	3636	0.000000
281474976710655.000000	5.074029	3637	0.000000
281474976710655.000000	4.566607	3638	0.000000
281474976710655.000000	5.059432	3639	0.000000
281474976710655.000000	4.585178	3640	0.000000
281474976710655.000000	5.029731	3641	0.000000
281474976710655.000000	4.604457	3642	0.000000
281474976710655.000000	4.965186	3643	0.000000
281474976710655.000000	4.649440	3644	0.000000
281474976710655.000000	4.925371	3645	0.000000
281474976710655.000000	4.700939	3646	0.000000
281474976710655.000000	4.855711	3647	0.000000
281474976710655.000000	4.753292	3648	0.000000
281474976710655.000000	4.811567	3649	0.000000
281474976710655.000000	4.805483	3650	0.000000
281474976710655.000000	4.764575	3651	0.000000
281474976710655.000000	4.830580	3652	0.000000
281474976710655.000000	4.721742	3653	0.000000
281474976710655.000000	4.831357	3654	0.000000
281474976710655.000000	4.729037	3655	0.000000
281474976710655.000000	4.804038	3656	0.000000
281474976710655.000000	4.739671	3657	0.000000
281474976710655.000000	4.754261	3658	0.000000
281474976710655.000000	4.815691	3659	0.000000
281474976710655.000000	4.639244	3660	0.000000
281474976710655.000000	4.877208	3661	0.000000
281474976710655.000000	4.575748	3662	0.000000
281474976710655.000000	4.880841	3663	0.000000
281474976710655.000000	4.478635	3664	0.000000
281474976710655.000000	4.909370	3665	0.000000
281474976710655.000000	4.433279	3666	0.000000
281474976710655.000000	4.892577	3667	0.000000
281474976710655.000000	4.370106	3668	0.000000
281474976710655.000000	4.887756	3669	0.000000
281474976710655.000000	4.450287	3670	0.000000
281474976710655.000000	4.886399	3671	0.000000
281474976710655.000000	4.373315	3672	0.000000
281474976710655.000000	4.839460	3673	0.000000
281474976710655.000000	4.334643	3674	0.000000
281474976710655.000000	4.841608	3675	0.000000
281474976710655.000000	4.336945	3676	0.000000
281474976710655.000000	4.805542	3677	0.000000
281474976710655.000000	4.313221	3678	0.000000
281474976710655.000000	4.809722	3679	0.000000
281474976710655.000000	4.335662	3680	0.000000
281474976710655.000000	4.801122	3681	0.000000
281474976710655.000000	4.302860	3682	0.000000
281474976710655.000000	4.753882	3683	0.000000
281474976710655.000000	4.316416	3684	0.000000
281474976710655.000000	4.772112	3685	0.000000
281474976710655.000000	4.343670	3686	0.000000
281474976710655.000000	4.735854	3687	0.000000
281474976710655.000000	4.365469	3688	0.000000
281474976710655.000000	4.691261	3689	0.000000
281474976710655.000000	4.363025	3690	0.000000
281474976710655.000000	4.663611	3691	0.000000
281474976710655.000000	4.522331	3692	0.000000
281474976710655.000000	4.663195	3693	0.000000
281474976710655.000000	4.472748	3694	0.000000
281474976710655.000000	4.488945	3695	0.000000
281474976710655.000000	4.535446	3696	0.000000
281474976710655.000000	4.484235	3697	0.000000
281474976710655.000000	4.531800	3698	0.000000
281474976710655.000000	4.441931	3699	0.000000
281474976710655.000000	4.508677	3700	0.000000
281474976710655.000000	4.428220	3701	0.000000
281474976710655.000000	4.457319	3702	0.000000
281474976710655.000000	4.446770	3703	0.000000
281474976710655.000000	4.433672	3704	0.000000
281474976710655.000000	4.438680	3705	0.000000
281474976710655.000000	4.406854	3706	0.000000
281474976710655.000000	4.426613	3707	0.000000
281474976710655.000000	4.354879	3708	0.000000
281474976710655.000000	4.486525	3709	0.000000
281474976710655.000000	4.350084	3710	0.000000
281474976710655.000000	4.471266	3711	0.000000
281474976710655.000000	4.300302	3712	0.000000
281474976710655.000000	4.477247	3713	0.000000
281474976710655.000000	4.242008	3714	0.000000
281474976710655.000000	4.494546	3715	0.000000
281474976710655.000000	4.203078	3716	0.000000
281474976710655.000000	4.489529	3717	0.000000
281474976710655.000000	4.214596	3718	0.000000
281474976710655.000000	4.452425	3719	0.000000
281474976710655.000000	4.225862	3720	0.000000
281474976710655.000000	4.437039	3721	0.000000
281474976710655.000000	4.225138	3722	0.000000
281474976710655.000000	4.403484	3723	0.000000
281474976710655.000000	4.253549	3724	0.000000
281474976710655.000000	4.380002	3725	0.000000
281474976710655.000000	4.295699	3726	0.000000
281474976710655.000000	4.319831	3727	0.000000
281474976710655.000000	4.296666	3728	0.000000
281474976710655.000000	4.319835	3729	0.000000
281474976710655.000000	4.328128	3730	0.000000
281474976710655.000000	4.258996	3731	0.000000
281474976710655.000000	4.324338	3732	0.000000
281474976710655.000000	4.229259	3733	0.000000
281474976710655.000000	4.337419	3734	0.000000
281474976710655.000000	4.212929	3735	0.000000
281474976710655.000000	4.326200	3736	0.000000
281474976710655.000000	4.209870	3737	0.000000
281474976710655.000000	4.288913	3738	0.000000
281474976710655.000000	4.254182	3739	0.000000
281474976710655.000000	4.250437	3740	0.000000
281474976710655.000000	4.276064	3741	0.000000
281474976710655.000000	4.203500	3742	0.000000
281474976710655.000000	4.323278	3743	0.000000
281474976710655.000000	4.121074	3744	0.000000
281474976710655.000000	4.341716	3745	0.000000
281474976710655.000000	4.092575	3746	0.000000
281474976710655.000000	4.362239	3747	0.000000
281474976710655.000000	4.025283	3748	0.000000
281474976710655.000000	4.368779	3749	0.000000
281474976710655.000000	3.991596	3750	0.000000
281474976710655.000000	4.350912	3751	0.000000
281474976710655.000000	3.968728	3752	0.000000
281474976710655.000000	4.349826	3753	0.000000
281474976710655.000000	3.936301	3754	0.000000
281474976710655.000000	4.352153	3755	0.000000
281474976710655.000000	3.948523	3756	0.000000
281474976710655.000000	4.333179	3757	0.000000
281474976710655.000000	3.938234	3758	0.000000
281474976710655.000000	4.213242	3759	0.000000
281474976710655.000000	3.897227	3760	0.000000
281474976710655.000000	4.262008	3761	0.000000
281474976710655.000000	3.809900	3762	0.000000
281474976710655.000000	4.202822	3763	0.000000
281474976710655.000000	4.257790	3764	0.000000
281474976710655.000000	4.162940	3765	0.000000
281474976710655.000000	3.947325	3766	0.000000
281474976710655.000000	4.184620	3767	0.000000
281474976710655.000000	3.971153	3768	0.000000
281474976710655.000000	4.162375	3769	0.000000
281474976710655.000000	3.879564	3770	0.000000
281474976710655.000000	4.204921	3771	0.000000
281474976710655.000000	3.961701	3772	0.000000
281474976710655.000000	4.138164	3773	0.000000
281474976710655.000000	3.956730	3774	0.000000
281474976710655.000000	4.106295	3775	0.000000
281474976710655.000000	4.018008	3776	0.000000
281474976710655.000000	4.137666	3777	0.000000
281474976710655.000000	3.999962	3778	0.000000
281474976710655.000000	3.976686	3779	0.000000
281474976710655.000000	4.023421	3780	0.000000
281474976710655.000000	3.883072	3781	0.000000
281474976710655.000000	4.025849	3782	0.000000
281474976710655.000000	3.974798	3783	0.000000
281474976710655.000000	3.968268	3784	0.000000
281474976710655.000000	4.065434	3785	0.000000
281474976710655.000000	3.933420	3786	0.000000
281474976710655.000000	3.946011	3787	0.000000
281474976710655.000000	3.938549	3788	0.000000
281474976710655.000000	4.043747	3789	0.000000
281474976710655.000000	3.855512	3790	0.000000
281474976710655.000000	4.015404	3791	0.000000
281474976710655.000000	3.949691	3792	0.000000
281474976710655.000000	3.980212	3793	0.000000
281474976710655.000000	3.919469	3794	0.000000
281474976710655.000000	3.946210	3795	0.000000
281474976710655.000000	3.857083	3796	0.000000
281474976710655.000000	4.109041	3797	0.000000
281474976710655.000000	3.805121	3798	0.000000
281474976710655.000000	3.874386	3799	0.000000
