crossing time (s)	slope (V/s)	crossing number
281474976710655.000000	6.818763	4936	0.000000
281474976710655.000000	5.077340	4937	0.000000
281474976710655.000000	4.612387	4938	0.000000
281474976710655.000000	5.446339	4939	0.000000
281474976710655.000000	5.474002	4940	0.000000
281474976710655.000000	5.785780	4941	0.000000
281474976710655.000000	4.752711	4942	0.000000
281474976710655.000000	5.896903	4943	0.000000
281474976710655.000000	4.191437	4944	0.000000
281474976710655.000000	5.526721	4945	0.000000
281474976710655.000000	5.402894	4946	0.000000
281474976710655.000000	5.394045	4947	0.000000
281474976710655.000000	4.692372	4948	0.000000
281474976710655.000000	5.870495	4949	0.000000
281474976710655.000000	5.159360	4950	0.000000
281474976710655.000000	5.200819	4951	0.000000
281474976710655.000000	5.134679	4952	0.000000
281474976710655.000000	5.583917	4953	0.000000
281474976710655.000000	5.318205	4954	0.000000
281474976710655.000000	5.482208	4955	0.000000
281474976710655.000000	5.126917	4956	0.000000
281474976710655.000000	5.794546	4957	0.000000
281474976710655.000000	5.177339	4958	0.000000
281474976710655.000000	5.573846	4959	0.000000
281474976710655.000000	4.526631	4960	0.000000
281474976710655.000000	5.503190	4961	0.000000
281474976710655.000000	5.037243	4962	0.000000
281474976710655.000000	5.053662	4963	0.000000
281474976710655.000000	4.627353	4964	0.000000
281474976710655.000000	5.710739	4965	0.000000
281474976710655.000000	5.065446	4966	0.000000
281474976710655.000000	4.872500	4967	0.000000
281474976710655.000000	5.244158	4968	0.000000
281474976710655.000000	5.403412	4969	0.000000
281474976710655.000000	4.840596	4970	0.000000
281474976710655.000000	5.404857	4971	0.000000
281474976710655.000000	4.690905	4972	0.000000
281474976710655.000000	5.147470	4973	0.000000
281474976710655.000000	4.574268	4974	0.000000
281474976710655.000000	5.659744	4975	0.000000
281474976710655.000000	4.303462	4976	0.000000
281474976710655.000000	5.558086	4977	0.000000
281474976710655.000000	5.185352	4978	0.000000
281474976710655.000000	5.060714	4979	0.000000
281474976710655.000000	4.407873	4980	0.000000
281474976710655.000000	5.606435	4981	0.000000
281474976710655.000000	4.278354	4982	0.000000
281474976710655.000000	5.477594	4983	0.000000
281474976710655.000000	4.561302	4984	0.000000
281474976710655.000000	5.334846	4985	0.000000
281474976710655.000000	4.604041	4986	0.000000
281474976710655.000000	5.280670	4987	0.000000
281474976710655.000000	4.838669	4988	0.000000
281474976710655.000000	4.957637	4989	0.000000
281474976710655.000000	5.308282	4990	0.000000
281474976710655.000000	4.898640	4991	0.000000
281474976710655.000000	4.764507	4992	0.000000
281474976710655.000000	5.280152	4993	0.000000
281474976710655.000000	5.062002	4994	0.000000
281474976710655.000000	5.152940	4995	0.000000
281474976710655.000000	4.159350	4996	0.000000
281474976710655.000000	5.684973	4997	0.000000
281474976710655.000000	4.168513	4998	0.000000
281474976710655.000000	5.047691	4999	0.000000
281474976710655.000000	5.119114	5000	0.000000
281474976710655.000000	5.258489	5001	0.000000
281474976710655.000000	4.848275	5002	0.000000
281474976710655.000000	5.046450	5003	0.000000
281474976710655.000000	4.886350	5004	0.000000
281474976710655.000000	5.092482	5005	0.000000
281474976710655.000000	4.330656	5006	0.000000
281474976710655.000000	5.403140	5007	0.000000
281474976710655.000000	4.483332	5008	0.000000
281474976710655.000000	5.260511	5009	0.000000
281474976710655.000000	4.715143	5010	0.000000
281474976710655.000000	4.967755	5011	0.000000
281474976710655.000000	4.871546	5012	0.000000
281474976710655.000000	4.851838	5013	0.000000
281474976710655.000000	4.963296	5014	0.000000
281474976710655.000000	4.940153	5015	0.000000
281474976710655.000000	4.826845	5016	0.000000
281474976710655.000000	4.936004	5017	0.000000
281474976710655.000000	4.774192	5018	0.000000
281474976710655.000000	5.002252	5019	0.000000
281474976710655.000000	4.837322	5020	0.000000
281474976710655.000000	4.813694	5021	0.000000
281474976710655.000000	4.597237	5022	0.000000
281474976710655.000000	5.094227	5023	0.000000
281474976710655.000000	4.684123	5024	0.000000
281474976710655.000000	4.985799	5025	0.000000
281474976710655.000000	4.753468	5026	0.000000
281474976710655.000000	4.787723	5027	0.000000
281474976710655.000000	4.687097	5028	0.000000
281474976710655.000000	5.019582	5029	0.000000
281474976710655.000000	4.628376	5030	0.000000
281474976710655.000000	4.890337	5031	0.000000
281474976710655.000000	4.731194	5032	0.000000
281474976710655.000000	4.987831	5033	0.000000
281474976710655.000000	4.534931	5034	0.000000
281474976710655.000000	4.922090	5035	0.000000
281474976710655.000000	4.527235	5036	0.000000
281474976710655.000000	4.941838	5037	0.000000
281474976710655.000000	4.399702	5038	0.000000
281474976710655.000000	5.008110	5039	0.000000
281474976710655.000000	4.412603	5040	0.000000
281474976710655.000000	4.912178	5041	0.000000
281474976710655.000000	4.520723	5042	0.000000
281474976710655.000000	4.850889	5043	0.000000
281474976710655.000000	4.537876	5044	0.000000
281474976710655.000000	4.895506	5045	0.000000
281474976710655.000000	4.495193	5046	0.000000
281474976710655.000000	4.787971	5047	0.000000
281474976710655.000000	4.490132	5048	0.000000
281474976710655.000000	4.935496	5049	0.000000
281474976710655.000000	4.258324	5050	0.000000
281474976710655.000000	4.852423	5051	0.000000
281474976710655.000000	4.382426	5052	0.000000
281474976710655.000000	4.882431	5053	0.000000
281474976710655.000000	4.232994	5054	0.000000
281474976710655.000000	4.938825	5055	0.000000
281474976710655.000000	4.463062	5056	0.000000
281474976710655.000000	4.708609	5057	0.000000
281474976710655.000000	4.398039	5058	0.000000
281474976710655.000000	4.779020	5059	0.000000
281474976710655.000000	4.513672	5060	0.000000
281474976710655.000000	4.694178	5061	0.000000
281474976710655.000000	4.554656	5062	0.000000
281474976710655.000000	4.585832	5063	0.000000
281474976710655.000000	4.501292	5064	0.000000
281474976710655.000000	4.656411	5065	0.000000
281474976710655.000000	4.524535	5066	0.000000
281474976710655.000000	4.629560	5067	0.000000
281474976710655.000000	4.542416	5068	0.000000
281474976710655.000000	4.546961	5069	0.000000
281474976710655.000000	4.516771	5070	0.000000
281474976710655.000000	4.595162	5071	0.000000
281474976710655.000000	4.445642	5072	0.000000
281474976710655.000000	4.643426	5073	0.000000
281474976710655.000000	4.308899	5074	0.000000
281474976710655.000000	4.754014	5075	0.000000
281474976710655.000000	4.200800	5076	0.000000
281474976710655.000000	4.838378	5077	0.000000
281474976710655.000000	4.061205	5078	0.000000
281474976710655.000000	4.893343	5079	0.000000
281474976710655.000000	4.031503	5080	0.000000
281474976710655.000000	4.823930	5081	0.000000
281474976710655.000000	4.124099	5082	0.000000
281474976710655.000000	4.718987	5083	0.000000
281474976710655.000000	4.290909	5084	0.000000
281474976710655.000000	4.562630	5085	0.000000
281474976710655.000000	4.493357	5086	0.000000
281474976710655.000000	4.457080	5087	0.000000
281474976710655.000000	4.502376	5088	0.000000
281474976710655.000000	4.449340	5089	0.000000
281474976710655.000000	4.359454	5090	0.000000
281474976710655.000000	4.604536	5091	0.000000
281474976710655.000000	4.160413	5092	0.000000
281474976710655.000000	4.717008	5093	0.000000
281474976710655.000000	3.993427	5094	0.000000
281474976710655.000000	4.761027	5095	0.000000
281474976710655.000000	3.952387	5096	0.000000
281474976710655.000000	4.749234	5097	0.000000
281474976710655.000000	3.960403	5098	0.000000
281474976710655.000000	4.726395	5099	0.000000
281474976710655.000000	4.027079	5100	0.000000
281474976710655.000000	4.652890	5101	0.000000
281474976710655.000000	4.143250	5102	0.000000
281474976710655.000000	4.589888	5103	0.000000
281474976710655.000000	4.182484	5104	0.000000
281474976710655.000000	4.517946	5105	0.000000
281474976710655.000000	4.203255	5106	0.000000
281474976710655.000000	4.469361	5107	0.000000
281474976710655.000000	4.204157	5108	0.000000
281474976710655.000000	4.494538	5109	0.000000
281474976710655.000000	4.126972	5110	0.000000
281474976710655.000000	4.477270	5111	0.000000
281474976710655.000000	4.101393	5112	0.000000
281474976710655.000000	4.500697	5113	0.000000
281474976710655.000000	4.031672	5114	0.000000
281474976710655.000000	4.530653	5115	0.000000
281474976710655.000000	3.991225	5116	0.000000
281474976710655.000000	4.540457	5117	0.000000
281474976710655.000000	3.942073	5118	0.000000
281474976710655.000000	4.544390	5119	0.000000
281474976710655.000000	3.944309	5120	0.000000
281474976710655.000000	4.534147	5121	0.000000
281474976710655.000000	3.964571	5122	0.000000
281474976710655.000000	4.498375	5123	0.000000
281474976710655.000000	4.028348	5124	0.000000
281474976710655.000000	4.436240	5125	0.000000
281474976710655.000000	4.074570	5126	0.000000
281474976710655.000000	4.347463	5127	0.000000
281474976710655.000000	4.142351	5128	0.000000
281474976710655.000000	4.327045	5129	0.000000
281474976710655.000000	4.137291	5130	0.000000
281474976710655.000000	4.345049	5131	0.000000
281474976710655.000000	4.110263	5132	0.000000
281474976710655.000000	4.353796	5133	0.000000
281474976710655.000000	4.021768	5134	0.000000
281474976710655.000000	4.374177	5135	0.000000
281474976710655.000000	3.923299	5136	0.000000
281474976710655.000000	4.378161	5137	0.000000
281474976710655.000000	3.848368	5138	0.000000
281474976710655.000000	4.425835	5139	0.000000
281474976710655.000000	3.826446	5140	0.000000
281474976710655.000000	4.422301	5141	0.000000
281474976710655.000000	3.830212	5142	0.000000
281474976710655.000000	4.401347	5143	0.000000
281474976710655.000000	3.817595	5144	0.000000
281474976710655.000000	4.397339	5145	0.000000
281474976710655.000000	3.820561	5146	0.000000
281474976710655.000000	4.378634	5147	0.000000
281474976710655.000000	3.827766	5148	0.000000
281474976710655.000000	4.388974	5149	0.000000
281474976710655.000000	3.801592	5150	0.000000
281474976710655.000000	4.333511	5151	0.000000
281474976710655.000000	3.781563	5152	0.000000
281474976710655.000000	4.364256	5153	0.000000
281474976710655.000000	3.748584	5154	0.000000
281474976710655.000000	4.381464	5155	0.000000
281474976710655.000000	3.732333	5156	0.000000
281474976710655.000000	4.396302	5157	0.000000
281474976710655.000000	3.668002	5158	0.000000
281474976710655.000000	4.391140	5159	0.000000
281474976710655.000000	3.659909	5160	0.000000
281474976710655.000000	4.391347	5161	0.000000
281474976710655.000000	3.685550	5162	0.000000
281474976710655.000000	4.317465	5163	0.000000
281474976710655.000000	3.752996	5164	0.000000
281474976710655.000000	4.213569	5165	0.000000
281474976710655.000000	3.881728	5166	0.000000
281474976710655.000000	4.122361	5167	0.000000
281474976710655.000000	3.979821	5168	0.000000
281474976710655.000000	4.050267	5169	0.000000
281474976710655.000000	4.045512	5170	0.000000
281474976710655.000000	4.014502	5171	0.000000
281474976710655.000000	4.041199	5172	0.000000
281474976710655.000000	4.020302	5173	0.000000
281474976710655.000000	3.925415	5174	0.000000
281474976710655.000000	4.097380	5175	0.000000
281474976710655.000000	3.852634	5176	0.000000
281474976710655.000000	4.181355	5177	0.000000
281474976710655.000000	3.718527	5178	0.000000
281474976710655.000000	4.216954	5179	0.000000
281474976710655.000000	3.659266	5180	0.000000
281474976710655.000000	4.250067	5181	0.000000
281474976710655.000000	3.597589	5182	0.000000
281474976710655.000000	4.233831	5183	0.000000
281474976710655.000000	3.569530	5184	0.000000
281474976710655.000000	4.254138	5185	0.000000
281474976710655.000000	3.544688	5186	0.000000
281474976710655.000000	4.260271	5187	0.000000
281474976710655.000000	3.565699	5188	0.000000
281474976710655.000000	4.235084	5189	0.000000
281474976710655.000000	3.557241	5190	0.000000
281474976710655.000000	4.188138	5191	0.000000
281474976710655.000000	3.557620	5192	0.000000
281474976710655.000000	4.168779	5193	0.000000
281474976710655.000000	3.561843	5194	0.000000
281474976710655.000000	4.159153	5195	0.000000
281474976710655.000000	3.545898	5196	0.000000
281474976710655.000000	4.150232	5197	0.000000
281474976710655.000000	3.540904	5198	0.000000
281474976710655.000000	4.117581	5199	0.000000
281474976710655.000000	3.551015	5200	0.000000
281474976710655.000000	4.116117	5201	0.000000
281474976710655.000000	3.584509	5202	0.000000
281474976710655.000000	4.058008	5203	0.000000
281474976710655.000000	3.611989	5204	0.000000
281474976710655.000000	4.020271	5205	0.000000
281474976710655.000000	3.667474	5206	0.000000
281474976710655.000000	3.988139	5207	0.000000
281474976710655.000000	3.696605	5208	0.000000
281474976710655.000000	3.926741	5209	0.000000
281474976710655.000000	3.716076	5210	0.000000
281474976710655.000000	3.899994	5211	0.000000
281474976710655.000000	3.722618	5212	0.000000
281474976710655.000000	3.875159	5213	0.000000
281474976710655.000000	3.713685	5214	0.000000
281474976710655.000000	4.029435	5215	0.000000
281474976710655.000000	3.610667	5216	0.000000
281474976710655.000000	3.898443	5217	0.000000
281474976710655.000000	3.586046	5218	0.000000
281474976710655.000000	3.942486	5219	0.000000
281474976710655.000000	3.554428	5220	0.000000
281474976710655.000000	3.945541	5221	0.000000
281474976710655.000000	3.495950	5222	0.000000
281474976710655.000000	3.962389	5223	0.000000
281474976710655.000000	3.435450	5224	0.000000
281474976710655.000000	3.972859	5225	0.000000
281474976710655.000000	3.407163	5226	0.000000
281474976710655.000000	3.987173	5227	0.000000
281474976710655.000000	3.401753	5228	0.000000
281474976710655.000000	3.977265	5229	0.000000
281474976710655.000000	3.367640	5230	0.000000
281474976710655.000000	3.981991	5231	0.000000
281474976710655.000000	3.361391	5232	0.000000
281474976710655.000000	3.968941	5233	0.000000
281474976710655.000000	3.336177	5234	0.000000
281474976710655.000000	3.985762	5235	0.000000
281474976710655.000000	3.324461	5236	0.000000
281474976710655.000000	4.044520	5237	0.000000
281474976710655.000000	3.222302	5238	0.000000
281474976710655.000000	3.941664	5239	0.000000
281474976710655.000000	3.317477	5240	0.000000
281474976710655.000000	3.937514	5241	0.000000
281474976710655.000000	3.362563	5242	0.000000
281474976710655.000000	3.872556	5243	0.000000
281474976710655.000000	3.408588	5244	0.000000
281474976710655.000000	3.795071	5245	0.000000
281474976710655.000000	3.472921	5246	0.000000
281474976710655.000000	3.736840	5247	0.000000
281474976710655.000000	3.536316	5248	0.000000
281474976710655.000000	3.672078	5249	0.000000
281474976710655.000000	3.607129	5250	0.000000
281474976710655.000000	3.615981	5251	0.000000
281474976710655.000000	3.614250	5252	0.000000
281474976710655.000000	3.594460	5253	0.000000
281474976710655.000000	3.603732	5254	0.000000
281474976710655.000000	3.598708	5255	0.000000
281474976710655.000000	3.574032	5256	0.000000
281474976710655.000000	3.639382	5257	0.000000
281474976710655.000000	3.504148	5258	0.000000
281474976710655.000000	3.681749	5259	0.000000
281474976710655.000000	3.416390	5260	0.000000
281474976710655.000000	3.712460	5261	0.000000
281474976710655.000000	3.372888	5262	0.000000
281474976710655.000000	3.752932	5263	0.000000
281474976710655.000000	3.294537	5264	0.000000
281474976710655.000000	3.763434	5265	0.000000
281474976710655.000000	3.258654	5266	0.000000
281474976710655.000000	3.783471	5267	0.000000
281474976710655.000000	3.233152	5268	0.000000
281474976710655.000000	3.806408	5269	0.000000
281474976710655.000000	3.210544	5270	0.000000
281474976710655.000000	3.789450	5271	0.000000
281474976710655.000000	3.191406	5272	0.000000
281474976710655.000000	3.765320	5273	0.000000
281474976710655.000000	3.192997	5274	0.000000
281474976710655.000000	3.760950	5275	0.000000
281474976710655.000000	3.189315	5276	0.000000
281474976710655.000000	3.735826	5277	0.000000
281474976710655.000000	3.183024	5278	0.000000
281474976710655.000000	3.712060	5279	0.000000
281474976710655.000000	3.226130	5280	0.000000
281474976710655.000000	3.744252	5281	0.000000
281474976710655.000000	3.206778	5282	0.000000
281474976710655.000000	3.650610	5283	0.000000
281474976710655.000000	3.296677	5284	0.000000
281474976710655.000000	3.599773	5285	0.000000
281474976710655.000000	3.275253	5286	0.000000
281474976710655.000000	3.582687	5287	0.000000
281474976710655.000000	3.299866	5288	0.000000
281474976710655.000000	3.511949	5289	0.000000
281474976710655.000000	3.323707	5290	0.000000
281474976710655.000000	3.512154	5291	0.000000
281474976710655.000000	3.345044	5292	0.000000
281474976710655.000000	3.477227	5293	0.000000
281474976710655.000000	3.339442	5294	0.000000
281474976710655.000000	3.488605	5295	0.000000
281474976710655.000000	3.342736	5296	0.000000
281474976710655.000000	3.477719	5297	0.000000
281474976710655.000000	3.320816	5298	0.000000
281474976710655.000000	3.501157	5299	0.000000
281474976710655.000000	3.264854	5300	0.000000
281474976710655.000000	3.471410	5301	0.000000
281474976710655.000000	3.258170	5302	0.000000
281474976710655.000000	3.489655	5303	0.000000
281474976710655.000000	3.183130	5304	0.000000
281474976710655.000000	3.490064	5305	0.000000
281474976710655.000000	3.127304	5306	0.000000
281474976710655.000000	3.514388	5307	0.000000
